00000000c00000000000000000000000
000ccc00c0000000000000000cc00000
0000ccc0000000000000000000000000
00c0c000ccc000000000000000000000
00000000000000000000000000000000
000cc00cc00000000000000000000000
00000000000000000000000000000000
00000000000000000000000000000000
00000000000000000000000000000000
00000000000000000000000000000000
00000000000000000000000000000000
00000000000000000000000000000000
00000000000000000000000000000000
00000000000000000000000000000000
00000000000000000000000000000000
00000000000000000000000000000000
00000000000000000000000000000000
00000000000000000000000000000000
00000000000000000000000000000000
00000000000000000000000000000000